-1 -1 0
-0.954794 -1 0
-0.908848 -1 0
-0.860048 -1 0
-0.813221 -1 0
-0.762542 -1 0
-0.717132 -1 0
-0.672122 -1 0
-0.623235 -1 0
-0.572389 -1 0
-0.520002 -1 0
-0.464495 -1 0
-0.416788 -1 0
-0.363091 -1 0
-0.31078 -1 0
-0.255981 -1 0
-0.204073 -1 0
-0.157445 -1 0
-0.110595 -1 0
-0.0608419 -1 0
-0.00756467 -1 0
0.0486836 -1 0
0.10326 -1 0
0.151168 -1 0
0.207653 -1 0
0.259482 -1 0
0.309332 -1 0
0.354805 -1 0
0.400182 -1 0
0.449412 -1 0
0.500536 -1 0
0.55216 -1 0
0.607863 -1 0
0.655597 -1 0
0.708971 -1 0
0.762853 -1 0
0.813288 -1 0
0.861274 -1 0
0.90846 -1 0
0.954456 -1 0
1 -1 0
0.180158 -0.96076 0.000238964
-0.490774 -0.959395 0.000257802
0.580659 -0.958975 0.000253672
0.0179096 -0.957994 0.000249087
-0.28207 -0.956593 0.000269739
0.906082 -0.956292 9.79075e-05
-0.392737 -0.955656 0.000280543
-1 -0.95553 0
0.740867 -0.955519 0.000221094
-0.156956 -0.955249 0.000271928
0.0799121 -0.955097 0.000267542
-0.778672 -0.954939 0.000202565
-0.219447 -0.954873 0.000275745
-0.0398951 -0.954053 0.000271658
0.681185 -0.953325 0.000259748
-0.547218 -0.95321 0.00029186
-0.718132 -0.952825 0.000247265
0.237515 -0.952827 0.000290571
0.35457 -0.952597 0.000304783
1 -0.952501 0
0.294953 -0.952303 0.000299983
-0.893302 -0.951999 0.000120481
-0.340451 -0.952026 0.000300433
-0.0987316 -0.951683 0.000287526
-0.602833 -0.951197 0.000294913
-0.659461 -0.951141 0.000279411
0.796458 -0.950897 0.000207043
0.525346 -0.95084 0.000311082
0.470824 -0.950832 0.000315611
0.413597 -0.950812 0.000316588
0.851217 -0.95023 0.000165391
-0.946769 -0.949795 6.57651e-05
-0.841879 -0.944001 0.000197026
-0.441849 -0.941834 0.000366227
0.131802 -0.940584 0.000350278
0.628996 -0.94002 0.000352597
0.953273 -0.937641 7.16214e-05
0.0466644 -0.912611 0.000469084
0.19235 -0.911701 0.000492761
-1 -0.911335 0
-0.255108 -0.911216 0.000500148
-0.502772 -0.910124 0.000532225
-0.186442 -0.908141 0.000505325
0.717681 -0.907534 0.000454072
0.570061 -0.907246 0.000540643
-0.803211 -0.90689 0.00036318
-0.318884 -0.906211 0.000535512
-0.00911101 -0.902918 0.000510734
0.894655 -0.901925 0.000231255
-0.0669836 -0.90177 0.00051906
-0.387263 -0.90174 0.000570938
0.32066 -0.901268 0.000567179
0.258015 -0.901233 0.000553228
-0.745087 -0.90084 0.00045807
-0.564662 -0.900117 0.000573594
-0.952255 -0.899981 0.000112589
1 -0.8999 0
0.383867 -0.898828 0.000590154
-0.129587 -0.898524 0.000539262
-0.685348 -0.898345 0.000523935
0.773441 -0.898387 0.000434058
0.447256 -0.897782 0.000600659
-0.896937 -0.897395 0.000236758
-0.625286 -0.897212 0.00056637
0.507153 -0.89579 0.000609389
0.832064 -0.895735 0.000359126
0.0970402 -0.889745 0.00057087
0.666246 -0.889587 0.0005783
-0.451906 -0.881852 0.000669572
0.954275 -0.879744 0.000129449
0.148422 -0.871012 0.000648097
-0.846651 -0.86997 0.000403334
0.61486 -0.869438 0.000701291
-0.218633 -0.864038 0.000676544
-1 -0.863606 0
0.213261 -0.855294 0.000713496
-0.282012 -0.853318 0.000734012
-0.346302 -0.852464 0.000760033
-0.517969 -0.852425 0.000792927
0.0396852 -0.852332 0.000683538
-0.946853 -0.849662 0.000178255
-0.0902626 -0.846433 0.000703261
0.724568 -0.846308 0.000690987
0.55041 -0.845865 0.000821285
-0.785032 -0.845684 0.000595501
0.910151 -0.845628 0.000294115
1 -0.844556 0
0.347878 -0.843582 0.000799459
-0.0240075 -0.843042 0.000705837
0.283259 -0.842645 0.000778118
0.420184 -0.841708 0.0008282
-0.585432 -0.84036 0.000826652
-0.717488 -0.840186 0.000720402
0.853419 -0.838749 0.000464162
-0.160928 -0.838302 0.00074241
-0.651716 -0.837402 0.000799787
-0.410695 -0.837025 0.000834423
0.786873 -0.836661 0.000620683
0.48262 -0.83343 0.000870918
-0.893971 -0.828222 0.000370257
0.669814 -0.818896 0.000853803
0.0959233 -0.817785 0.000774764
0.953711 -0.816764 0.000181566
-1 -0.816593 0
-0.470902 -0.808902 0.000940794
0.162014 -0.803016 0.000818856
-0.228 -0.802955 0.000839016
0.603703 -0.800352 0.000963975
-0.951177 -0.796626 0.000206405
-0.834965 -0.795053 0.000609373
0.233401 -0.794283 0.000863116
-0.298742 -0.789696 0.00090161
0.385078 -0.788824 0.000957278
1 -0.788045 0
-0.362012 -0.787165 0.000940327
-0.1154 -0.786283 0.000812937
0.893681 -0.785732 0.000438131
0.0282098 -0.784504 0.000806032
-0.541108 -0.784052 0.00101986
-0.759581 -0.782185 0.000822839
-0.047188 -0.781164 0.000805331
0.529448 -0.77828 0.00104172
0.821905 -0.777091 0.000685587
0.310829 -0.774926 0.000943007
0.740852 -0.774863 0.000887119
-0.612905 -0.772774 0.00103231
-0.685144 -0.772504 0.00097059
-0.900157 -0.766648 0.000436136
-1 -0.766511 0
0.451847 -0.76431 0.00105145
0.955887 -0.762379 0.000209516
-0.180023 -0.758157 0.000867514
-0.419001 -0.757221 0.00103454
0.667255 -0.747235 0.00106049
0.106811 -0.74261 0.000841203
-0.948742 -0.740922 0.000252368
-0.25905 -0.732136 0.000928913
-0.489147 -0.731162 0.00111717
0.915365 -0.731211 0.000409951
-0.85826 -0.730981 0.000636214
1 -0.730127 0
0.178643 -0.72985 0.00087183
0.250977 -0.728712 0.000921581
0.591308 -0.728512 0.00114551
-0.79751 -0.723549 0.000846914
0.859189 -0.723603 0.000647385
0.371045 -0.722989 0.00103646
-1 -0.717006 0
0.0388893 -0.715937 0.000797767
-0.0338916 -0.715469 0.0007976
-0.340964 -0.715109 0.00101024
-0.111759 -0.71435 0.000821714
0.792316 -0.712085 0.00088614
-0.72426 -0.707408 0.00104724
-0.565633 -0.706164 0.00117781
0.509121 -0.704861 0.0011645
0.959867 -0.699227 0.000218922
-0.642473 -0.698247 0.00116778
-0.904238 -0.692325 0.00049289
0.725449 -0.690554 0.00107774
-0.956207 -0.689618 0.000239169
0.304182 -0.682912 0.000961015
0.431311 -0.681938 0.00110913
-0.19568 -0.681339 0.00084488
-0.420562 -0.681203 0.0010955
0.905745 -0.673181 0.000501715
1 -0.669671 0
-0.843097 -0.665235 0.000769553
-1 -0.664112 0
0.650185 -0.662019 0.00120935
0.152123 -0.659711 0.000776634
0.0847073 -0.659596 0.000732378
0.844939 -0.658177 0.000772741
-0.275548 -0.656384 0.000898067
0.223156 -0.653047 0.000831965
-0.774527 -0.649984 0.00100534
0.00845857 -0.649352 0.000688313
-0.504712 -0.649136 0.00118188
0.571806 -0.649201 0.00122697
-0.0651092 -0.648265 0.000697756
-0.137075 -0.646982 0.000734607
0.954619 -0.640285 0.000269054
-0.948373 -0.639307 0.000302552
0.781238 -0.634572 0.00100451
-0.35201 -0.632153 0.000970167
-0.692822 -0.631687 0.0011841
0.357389 -0.63167 0.000977371
-0.893779 -0.626172 0.000586214
-0.59392 -0.619698 0.00124349
0.486735 -0.615595 0.00114727
-1 -0.614918 0
0.89953 -0.614166 0.000567162
1 -0.612062 0
-0.216036 -0.610554 0.000733558
0.277268 -0.607904 0.000813928
0.711408 -0.604826 0.00117511
-0.428496 -0.59967 0.00104507
-0.829577 -0.598073 0.000868724
0.0515534 -0.596803 0.000559211
0.122107 -0.595467 0.000596802
0.417217 -0.591547 0.00101295
-0.0206446 -0.591103 0.000533568
-0.148348 -0.589975 0.000600776
0.84023 -0.58916 0.0008361
0.193196 -0.588077 0.000649946
-0.94609 -0.586159 0.000331362
-0.290957 -0.585315 0.000782896
-0.0873783 -0.585228 0.000540133
0.952342 -0.582842 0.000297565
-0.75649 -0.578736 0.00109142
-0.504547 -0.56842 0.00112367
0.633309 -0.568205 0.00123703
-1 -0.567145 0
0.54781 -0.565644 0.00117216
-0.886311 -0.563409 0.000647868
0.335605 -0.561159 0.00080452
-0.6663 -0.560554 0.00121673
0.776865 -0.557444 0.00105058
-0.361628 -0.556882 0.000844275
1 -0.55568 0
0.897975 -0.553259 0.000596994
0.252342 -0.550629 0.000627204
-0.182686 -0.547295 0.000510237
0.0136138 -0.542666 0.000371086
-0.242165 -0.542296 0.000584569
0.0790739 -0.542135 0.00039335
0.14249 -0.536382 0.000427688
-0.0538494 -0.536131 0.000357441
-0.948062 -0.533356 0.000329239
-0.572106 -0.531678 0.00116516
-0.818016 -0.530497 0.000930042
-0.121405 -0.52763 0.000373193
0.399505 -0.526978 0.000849125
0.474867 -0.525669 0.00100383
0.951813 -0.525413 0.000309799
-0.429869 -0.523622 0.000907971
0.708487 -0.52146 0.00117439
-1 -0.520103 0
0.839246 -0.519672 0.000857471
0.198837 -0.517119 0.000434785
-0.305024 -0.51567 0.000621894
-0.732444 -0.511966 0.00113202
0.301804 -0.510549 0.000599348
-0.893917 -0.507126 0.000620552
1 -0.499905 0
-0.187301 -0.496961 0.000344028
0.559391 -0.495682 0.00110038
0.0412903 -0.493982 0.000192303
-0.0188976 -0.493552 0.000184362
0.897647 -0.49193 0.000607585
-0.493042 -0.488675 0.000965658
0.0991351 -0.488711 0.000207163
-0.0806025 -0.487067 0.000185167
-0.366812 -0.485556 0.000671501
-0.638381 -0.482838 0.00115728
-0.249349 -0.481524 0.000399059
0.250801 -0.481497 0.000402278
0.357417 -0.480873 0.000635712
0.778312 -0.479948 0.00104006
-0.950425 -0.476545 0.000320487
0.636676 -0.476499 0.00115733
-1 -0.476129 0
0.152662 -0.476009 0.000216431
-0.139625 -0.473286 0.000188031
-0.846923 -0.470506 0.00081659
0.951769 -0.468167 0.000313452
0.424742 -0.461425 0.000747755
-0.783351 -0.460581 0.00101082
0.203076 -0.453551 0.000208957
-0.308359 -0.45286 0.000432251
0.496201 -0.451196 0.00089507
0.00856713 -0.449918 0
-0.424945 -0.449759 0.000717082
-0.554481 -0.44953 0.00100964
0.840458 -0.449281 0.000848904
-0.1995 -0.447887 0.000179593
-0.0462804 -0.447614 0
0.307698 -0.446376 0.000408985
0.0618829 -0.445725 0
1 -0.4449 0
-0.899817 -0.441197 0.000590613
-0.702277 -0.439367 0.00111117
-0.100834 -0.438557 0
0.715877 -0.438059 0.00111542
0.112473 -0.435718 0
-1 -0.432298 0
0.898441 -0.431379 0.000602069
-0.254858 -0.425542 0.000209694
0.255096 -0.423627 0.000203239
-0.15406 -0.422807 0
0.160845 -0.420272 0
-0.362994 -0.420036 0.000468786
0.568624 -0.419017 0.000985768
-0.951371 -0.417752 0.000312349
0.369464 -0.417026 0.00047818
-0.481954 -0.413956 0.000774285
0.953482 -0.411161 0.000301841
-0.836459 -0.404151 0.000843239
-0.615619 -0.402125 0.00102609
-0.20599 -0.400085 0
0.443824 -0.400061 0.000639019
0.785073 -0.399562 0.000991675
0.208446 -0.398811 0
-0.304043 -0.39486 0.000224035
0.307574 -0.393179 0.000228172
-0.757979 -0.392036 0.00102102
0.645867 -0.392071 0.00105664
1 -0.390312 0
-1 -0.384098 0
-0.414871 -0.382443 0.000507562
-0.896995 -0.380666 0.000595668
0.844694 -0.378454 0.000816351
0.505948 -0.376947 0.000755805
0.903849 -0.374027 0.000567215
-0.251603 -0.373089 0
-0.5448 -0.372622 0.000839146
0.25433 -0.371236 0
0.401737 -0.365242 0.000420361
-0.349634 -0.363235 0.000251885
-0.950115 -0.362136 0.000315577
-0.678919 -0.358518 0.0010253
0.346708 -0.356955 0.000222997
0.727346 -0.356208 0.00103957
0.958019 -0.352235 0.000270473
-0.482368 -0.348454 0.000619824
0.579224 -0.346553 0.00087595
-0.80161 -0.343211 0.000907176
-0.292467 -0.341998 0
0.294534 -0.34022 0
1 -0.335804 0
-1 -0.335145 0
-0.858277 -0.33062 0.000740973
0.452785 -0.328475 0.000485245
-0.429497 -0.327093 0.00040335
-0.601577 -0.322549 0.000874735
-0.379053 -0.321588 0.000219673
0.915658 -0.317846 0.000498506
0.795328 -0.315548 0.000928366
0.859797 -0.315326 0.000741658
-0.910417 -0.314005 0.000519655
0.653641 -0.313789 0.000959558
0.387476 -0.313393 0.00022604
0.520221 -0.312607 0.000657831
-0.738522 -0.31069 0.000976558
-0.327475 -0.308643 0
-0.960376 -0.306582 0.000249108
0.331367 -0.30446 0
-0.534745 -0.299179 0.00066789
1 -0.288003 0
0.958312 -0.2865 0.000266711
-0.470553 -0.28304 0.000434504
-1 -0.280948 0
-0.66001 -0.277326 0.000910391
0.727514 -0.276965 0.000969989
0.59084 -0.275348 0.000782985
-0.809801 -0.273368 0.000859759
0.420083 -0.272319 0.000233805
-0.413259 -0.271308 0.000204482
-0.360572 -0.269236 0
0.476788 -0.267855 0.000425798
0.363442 -0.265348 0
-0.873247 -0.261812 0.000671066
0.905882 -0.259847 0.000540317
-0.939571 -0.257542 0.000368521
0.846997 -0.251994 0.000766813
0.538042 -0.249041 0.000591623
-0.585279 -0.246852 0.000719047
1 -0.23939 0
-0.743158 -0.238989 0.00092044
-0.507966 -0.238828 0.000472658
-1 -0.235963 0
0.650906 -0.234518 0.000858997
0.788301 -0.232726 0.000892603
0.953901 -0.225113 0.000289866
-0.389749 -0.224935 0
-0.447139 -0.224802 0.000226999
0.390323 -0.223938 0
0.446264 -0.220407 0.000217106
-0.953887 -0.209722 0.00028225
-0.659868 -0.209087 0.000833018
-0.892636 -0.208413 0.000583692
0.506897 -0.20617 0.000417302
-0.817892 -0.205691 0.000818948
0.900075 -0.200302 0.000559615
0.583643 -0.198099 0.000655931
0.720759 -0.197068 0.000902506
-0.535667 -0.195642 0.000494503
1 -0.187573 0
-1 -0.185521 0
0.843712 -0.180559 0.000756249
-0.412267 -0.180376 0
0.4129 -0.178924 0
-0.474257 -0.177168 0.000246243
-0.595667 -0.175619 0.000651797
-0.736207 -0.171414 0.000874972
0.468206 -0.168313 0.000211936
0.951353 -0.16621 0.000302738
-0.93777 -0.162253 0.000369619
0.650191 -0.1603 0.000782326
-0.86761 -0.154893 0.000665841
0.533743 -0.154551 0.000440676
0.783963 -0.152274 0.000860799
-1 -0.141335 0
-0.533069 -0.14016 0.000415558
-0.797067 -0.137454 0.000823568
-0.657094 -0.137003 0.000763307
0.897916 -0.136285 0.000561944
-0.428937 -0.136062 0
1 -0.1346 0
0.430158 -0.132151 0
0.59271 -0.12612 0.000605689
-0.481657 -0.121828 0.000202181
0.486526 -0.118843 0.000222094
0.716289 -0.115769 0.000850609
-0.957677 -0.115461 0.000253497
0.950191 -0.108261 0.000307456
-0.58939 -0.107445 0.000570374
0.841691 -0.107494 0.000746556
-0.905067 -0.106624 0.000512425
-0.71712 -0.0960822 0.000823603
0.541622 -0.0908775 0.000408704
-1 -0.089188 0
-0.84635 -0.0882618 0.000710633
-0.441621 -0.0864352 0
0.441792 -0.0855555 0
0.650308 -0.0829164 0.000730994
1 -0.0814086 0
-0.531711 -0.0797214 0.000358091
0.780905 -0.0730605 0.000841391
0.89631 -0.0696824 0.000563372
-0.779735 -0.0665883 0.000816432
-0.640488 -0.0651011 0.000686377
0.492978 -0.064693 0.000204317
-0.486144 -0.0639108 0.000172331
-0.950912 -0.0614741 0.000290496
0.592188 -0.0531884 0.000560549
0.948587 -0.0527062 0.000313845
-0.897741 -0.0442505 0.000537612
-1 -0.0406265 0
-0.570076 -0.0392561 0.000474871
0.448503 -0.0366782 0
0.709573 -0.0346887 0.00081996
0.841347 -0.0341635 0.000740723
-0.44883 -0.0324308 0
1 -0.0291448 0
0.53885 -0.0250401 0.000368645
-0.699571 -0.0210691 0.000785098
-0.839085 -0.0202045 0.000719388
-0.507067 -0.0142863 0.000239478
0.491748 -0.00845549 0.00018098
-0.948406 -0.00650197 0.000304701
0.640791 -0.00596439 0.000691
0.953613 -0.00220669 0.00028238
0.898476 -0.00112322 0.000554451
-0.621657 0.00035703 0.000624562
-0.771961 0.000820726 0.000808576
0.776072 0.00344827 0.000838808
-1 0.00535487 0
-0.449773 0.014303 0
0.44975 0.0150044 0
0.575925 0.017192 0.000501025
-0.891823 0.0183729 0.000560826
-0.557574 0.0227477 0.000428009
1 0.0252638 0
0.83737 0.0361704 0.000751468
0.508521 0.038435 0.000256195
-0.498559 0.0421155 0.00021194
0.699699 0.0435535 0.000811895
-0.672667 0.0472814 0.000743111
-0.950757 0.0479198 0.000294282
-0.825605 0.048482 0.000752361
0.948139 0.0485723 0.000316363
-1 0.0489861 0
0.446151 0.0587322 0
-0.741732 0.0612436 0.000820214
-0.445381 0.0643076 0
0.628801 0.0647445 0.000674467
0.893731 0.065797 0.000574152
-0.610448 0.0707286 0.000609132
0.557955 0.072584 0.000458081
-0.895542 0.0746298 0.000548144
1 0.0774276 0
0.767221 0.0781096 0.000854716
-0.548502 0.0830732 0.000419922
0.490435 0.0897864 0.000211786
-1 0.0922372 0
-0.489793 0.0980811 0.000210874
0.949162 0.102651 0.000313023
-0.948572 0.103887 0.000306015
0.832991 0.105125 0.000769642
0.437146 0.106787 0
-0.842422 0.108615 0.000717701
-0.775207 0.11347 0.000830472
-0.435288 0.114123 0
0.684999 0.12062 0.000825759
-0.678879 0.120907 0.000790771
0.537442 0.123754 0.000423131
0.605003 0.125919 0.000645924
0.893416 0.128627 0.000580449
1 0.130442 0
-0.60556 0.133973 0.000637333
-1 0.138448 0
-0.894195 0.138651 0.000558937
-0.537323 0.139729 0.000428689
0.486486 0.148651 0.000258636
0.424453 0.149464 0
0.76648 0.150158 0.000880655
-0.47411 0.151596 0.000207476
-0.950448 0.157856 0.000297172
0.949889 0.157721 0.000310646
-0.419244 0.163507 0
-0.73954 0.170346 0.000868958
-0.823655 0.170853 0.000783853
0.835089 0.173611 0.000780822
0.553331 0.177521 0.000539417
1 0.183855 0
0.631488 0.185016 0.000769899
-1 0.186976 0
0.896212 0.189024 0.000575482
0.459221 0.189258 0.000211474
-0.511041 0.193086 0.000404921
-0.578315 0.193943 0.00062289
-0.894386 0.194022 0.000566313
0.40554 0.195033 0
-0.65268 0.195867 0.000804565
0.704649 0.198894 0.000900411
-0.445261 0.203046 0.000176228
-0.946589 0.210436 0.000320975
0.95442 0.213392 0.000286526
-0.395227 0.215163 0
0.506691 0.217676 0.000438088
0.782062 0.227245 0.00090294
-0.850936 0.230659 0.000725608
-1 0.23435 0
-0.785484 0.234465 0.00087345
0.581701 0.234694 0.000703375
0.383114 0.236059 0
0.442999 0.237902 0.000242484
1 0.239105 0
-0.475426 0.239314 0.000358069
-0.714754 0.24089 0.000910408
0.84665 0.243636 0.000768033
0.906105 0.245751 0.00053684
-0.538847 0.249818 0.000586643
-0.954059 0.258298 0.000280619
-0.606266 0.258877 0.000782271
-0.367526 0.259662 0
-0.900084 0.263311 0.00055598
0.650488 0.263343 0.000896891
-0.423279 0.264785 0.000224253
0.950805 0.273474 0.000311095
0.533388 0.275199 0.00062779
0.355026 0.276508 0
0.72897 0.277536 0.000973427
0.411063 0.281616 0.000225509
0.476235 0.282571 0.0004581
-1 0.285021 0
-0.666901 0.288464 0.000927299
-0.485521 0.290671 0.000497548
1 0.291197 0
-0.83209 0.291504 0.000808025
-0.334084 0.301477 0
0.88575 0.301646 0.000643427
0.81029 0.30431 0.000893331
-0.947857 0.307927 0.000322511
-0.758619 0.309179 0.000960463
-0.386274 0.311453 0.000214025
0.591001 0.311655 0.000847311
0.323916 0.312376 0
-0.554093 0.314391 0.000745015
-0.891029 0.325372 0.000608401
0.951394 0.325812 0.000311166
-0.439334 0.326972 0.000432821
0.3815 0.328174 0.000250202
0.442684 0.330813 0.000460854
-1 0.333037 0
-0.296628 0.338396 0
0.51857 0.341538 0.000718284
1 0.342318 0
0.744628 0.343178 0.00101247
-0.610443 0.344061 0.000921229
0.286724 0.346828 0
0.66212 0.347124 0.00101803
-0.50248 0.349706 0.000676573
-0.829437 0.353868 0.000841602
-0.348901 0.354891 0.000221911
0.910349 0.356741 0.000531598
-0.947552 0.357509 0.000328949
-0.693068 0.361579 0.00102887
0.340359 0.361856 0.000220851
0.852275 0.361902 0.000782883
-0.25455 0.371085 0
-0.403998 0.374544 0.000450771
0.245864 0.376897 0
-1 0.380964 0
0.465413 0.381986 0.000658397
-0.768857 0.383929 0.000993668
0.584109 0.384348 0.000958645
0.401016 0.387169 0.000484418
-0.892155 0.387859 0.000615106
0.795691 0.388484 0.000956562
1 0.389644 0
0.956319 0.389729 0.000284398
-0.305019 0.391489 0.000214452
-0.465132 0.394777 0.000680015
-0.546002 0.399505 0.000891633
-0.207016 0.399555 0
0.294978 0.400751 0.000222515
0.201772 0.402229 0
-0.94742 0.407915 0.000331271
0.901747 0.414764 0.000581287
0.347166 0.415526 0.000415394
-0.360267 0.415835 0.00044732
0.721271 0.41641 0.0010904
-0.621029 0.418031 0.00105187
0.518881 0.419992 0.000885648
-0.838948 0.420481 0.000831124
-0.158147 0.421295 0
-0.25473 0.421731 0.00019516
0.154084 0.422798 0
-1 0.428569 0
0.25092 0.429755 0.000218911
0.84535 0.436189 0.000820502
0.645439 0.436264 0.00111655
1 0.437028 0
0.106172 0.437296 0
-0.104391 0.437724 0
-0.706149 0.438992 0.00110201
-0.420965 0.442925 0.00068667
0.444844 0.443511 0.000758397
0.0564517 0.446445 0
-0.053058 0.446861 0
-0.309715 0.449238 0.000423392
0.00279767 0.449991 0
0.951706 0.44999 0.000311793
-0.900193 0.454123 0.000583066
-0.201812 0.45411 0.000209348
-0.779264 0.455341 0.00100661
0.196985 0.455565 0.000207977
-0.953852 0.457307 0.000290832
0.380634 0.458212 0.000633308
-0.49105 0.459068 0.000894087
0.307858 0.463439 0.000471072
0.780347 0.465242 0.00101666
-0.14607 0.469914 0.000184059
0.573692 0.471537 0.00108895
-0.25438 0.475388 0.000388643
0.898138 0.477855 0.000598575
0.147895 0.478417 0.000221988
-1 0.478675 0
-0.562068 0.480022 0.00106963
-0.370521 0.482026 0.000669361
0.247214 0.482117 0.000401746
-0.847972 0.48649 0.000805568
1 0.4876 0
-0.026171 0.491408 0.000178958
0.0913426 0.492138 0.00021663
0.0374255 0.493046 0.000189239
-0.0855951 0.493179 0.000215631
0.496773 0.495933 0.000996677
-0.644156 0.499529 0.00116796
0.709316 0.499893 0.00115795
-0.947762 0.505856 0.000326624
0.837621 0.506706 0.000847439
0.950838 0.508774 0.000313511
-0.315144 0.511247 0.000629991
-0.196689 0.513257 0.000419869
0.422144 0.513897 0.000877065
-0.435429 0.516649 0.000902385
0.34798 0.516912 0.000723488
-0.722772 0.517794 0.00113157
0.200587 0.517782 0.000444089
-0.136842 0.518697 0.000360249
-0.792641 0.523057 0.00098287
-0.896957 0.523347 0.000593386
-1 0.525871 0
0.278061 0.526609 0.000607735
-0.254163 0.53079 0.000570777
0.636424 0.532592 0.00121528
0.1329 0.533373 0.000410829
0.0125913 0.534833 0.000346403
-0.502879 0.539757 0.00107352
0.89575 0.539654 0.000601747
1 0.5402 0
0.7715 0.543765 0.0010161
-0.0468557 0.544041 0.000388149
0.0709782 0.552778 0.00043131
-0.375503 0.55571 0.000868731
0.554116 0.556228 0.00118417
-0.950674 0.559861 0.000304126
-0.842001 0.560382 0.000820153
-0.101324 0.561281 0.000478322
-0.588606 0.565459 0.00120602
0.950415 0.565727 0.000308257
-1 0.572873 0
-0.168234 0.572946 0.000577673
0.471125 0.57476 0.0010891
0.835707 0.575461 0.000841104
0.178894 0.575729 0.000601986
0.241117 0.577988 0.000694933
-0.305447 0.578445 0.000792317
0.319183 0.582214 0.00083345
0.391949 0.582305 0.000964199
-0.678116 0.584054 0.00120224
-0.23059 0.584193 0.000689915
-0.899626 0.587394 0.000565444
-0.764634 0.588151 0.00105549
0.00688866 0.588903 0.000531842
0.701747 0.58993 0.0011945
1 0.59338 0
0.122265 0.600099 0.00061753
0.896146 0.600938 0.00058161
-0.438467 0.604602 0.00106991
-0.057423 0.610353 0.00060719
-1 0.616411 0
-0.951323 0.616638 0.000289837
-0.523897 0.618199 0.00118543
0.773131 0.620278 0.00102492
-0.838445 0.621629 0.000807957
0.95112 0.621594 0.000291373
0.0614552 0.622732 0.000644447
0.621987 0.625781 0.00125131
-0.125678 0.626286 0.000687709
-0.357982 0.631904 0.000980411
0.276288 0.638649 0.000882125
0.527415 0.639448 0.00121174
0.193332 0.642073 0.000788745
-0.195648 0.643023 0.000786986
0.839988 0.643437 0.000795464
-0.276373 0.644093 0.000884373
1 0.646835 0
-0.894494 0.648893 0.000560453
-0.711637 0.654568 0.00112542
-0.621115 0.654635 0.00122009
0.436603 0.654816 0.00112207
-0.783119 0.655512 0.000958398
0.356015 0.65563 0.00101622
-0.00625763 0.656428 0.000713154
-1 0.660028 0
0.900066 0.662343 0.000531443
0.123909 0.669883 0.000782999
-0.949184 0.670783 0.000282216
0.711885 0.675527 0.00112426
0.953168 0.677014 0.000261388
-0.0785017 0.682385 0.000779753
-0.473643 0.691667 0.00114305
-0.552183 0.693381 0.00117616
-0.837497 0.694955 0.000748628
0.786604 0.695083 0.00092206
-0.401097 0.695883 0.00107698
0.0527668 0.696426 0.000792211
1 0.700762 0
0.245356 0.701608 0.000919014
-0.148733 0.702635 0.000841557
0.640971 0.703115 0.00116056
-1 0.706047 0
0.564315 0.706314 0.00118468
-0.895743 0.708918 0.000508133
-0.233157 0.709513 0.000910562
0.85322 0.711402 0.000682018
-0.318786 0.712921 0.000994221
0.481375 0.719834 0.00114184
0.316742 0.722637 0.000997917
-0.676622 0.722776 0.00108431
-0.765143 0.722804 0.000925698
-0.951135 0.7234 0.000247165
0.910617 0.724943 0.000435838
0.179053 0.727658 0.000882306
-0.0242039 0.731408 0.000818893
0.959778 0.733018 0.00020314
0.399029 0.737077 0.00106967
-0.602085 0.74593 0.00109415
0.110041 0.753306 0.000848432
-1 0.754357 0
1 0.757353 0
0.748074 0.758456 0.00090719
-0.841817 0.760618 0.000643523
0.681684 0.76502 0.000998936
-0.523797 0.765322 0.00106306
-0.903813 0.766083 0.000414512
0.81847 0.767728 0.000712715
-0.0998076 0.768212 0.000842161
-0.454891 0.769019 0.00103686
-0.384992 0.770749 0.000995739
-0.17874 0.771977 0.000868457
0.606571 0.774907 0.00103585
0.0405128 0.775545 0.000821645
-0.956004 0.776706 0.00019406
-0.254461 0.776812 0.000903665
0.884234 0.778103 0.000481849
0.248781 0.778156 0.000907164
0.532745 0.778858 0.00104444
0.944699 0.784667 0.000242817
-0.716555 0.785407 0.000881298
-0.319739 0.785784 0.000925396
0.331117 0.786727 0.000942922
-0.788048 0.78954 0.00072867
0.459138 0.793435 0.000996494
-0.645127 0.797512 0.000931272
-0.028789 0.801008 0.000793548
0.172342 0.801435 0.000834047
-1 0.805703 0
1 0.806491 0
0.398727 0.817348 0.000907972
-0.568967 0.81873 0.000908475
-0.882267 0.819017 0.000413383
-0.94136 0.823849 0.000216641
0.103379 0.824026 0.000770163
0.77774 0.831839 0.000656188
0.714689 0.831845 0.000758859
-0.150879 0.833038 0.000761803
0.844647 0.833446 0.000500845
0.647547 0.833721 0.000823145
-0.426095 0.834621 0.000852211
-0.497559 0.835644 0.000861195
-0.219516 0.836959 0.000772699
0.906404 0.838138 0.000318717
0.958259 0.838629 0.000148969
0.577346 0.83868 0.00084398
0.283065 0.839383 0.000792626
-0.0872946 0.839506 0.000730303
0.0392814 0.842581 0.000716527
-0.829238 0.842781 0.00050571
-0.358159 0.842858 0.000803584
0.507896 0.844672 0.00083433
-0.287662 0.84599 0.000769476
0.216801 0.84698 0.000747013
-0.758009 0.848375 0.000624737
-0.69208 0.850346 0.000705629
-1 0.851432 0
0.348582 0.852937 0.000768591
-0.623014 0.85715 0.000736317
1 0.860942 0
-0.0212277 0.862977 0.000656702
-0.956441 0.868917 0.000127458
0.442553 0.869027 0.000734832
0.150402 0.872165 0.000651233
-0.899278 0.877837 0.000264449
-0.556765 0.885206 0.000647513
0.0935396 0.891259 0.000571285
0.812891 0.891691 0.000406243
0.683087 0.891927 0.000558916
0.943342 0.892831 0.000144108
-0.447313 0.892957 0.000619947
0.619346 0.893566 0.000592134
-0.191979 0.894083 0.000573972
0.878649 0.89421 0.000281684
0.747392 0.894685 0.000485716
-0.133328 0.895179 0.000558602
-0.386855 0.896006 0.000600289
0.555848 0.896482 0.000600092
0.38743 0.897084 0.000601845
-0.254086 0.897479 0.000570873
-0.502421 0.897807 0.000592877
0.25583 0.898917 0.000565624
0.316795 0.900542 0.000569988
-0.321292 0.900822 0.000569182
-0.79274 0.901246 0.00039407
-0.0756254 0.901418 0.000524894
-0.850489 0.902645 0.000302757
-1 0.903364 0
0.0376257 0.903981 0.000513007
0.494191 0.904445 0.000568776
-0.731028 0.905434 0.00044778
-0.670036 0.906547 0.000491222
1 0.907529 0
0.192854 0.90766 0.000515413
-0.609307 0.911282 0.000498482
-0.945355 0.91706 0.000106181
-0.0183734 0.918389 0.000446166
0.439656 0.937546 0.000396074
0.130781 0.940458 0.000355076
0.794002 0.946719 0.000227285
0.697276 0.946756 0.000289112
-0.886909 0.94717 0.00013923
0.951653 0.947365 6.40347e-05
0.846318 0.947846 0.000179214
-0.531613 0.948153 0.000323734
0.645763 0.948304 0.000302535
0.900469 0.948372 0.00012356
0.343632 0.94843 0.000326554
0.592403 0.949173 0.000312198
-0.370646 0.949303 0.000321173
-0.423714 0.949339 0.00032295
-0.270671 0.949406 0.000313977
-0.162633 0.949982 0.000303316
-0.216651 0.950017 0.000307441
0.539098 0.950789 0.000310561
-1 0.951438 0
0.745204 0.951416 0.000238388
0.0753834 0.951531 0.000290935
-0.10792 0.951643 0.000289786
-0.476517 0.951743 0.000307326
0.234112 0.95226 0.000294932
-0.581887 0.952609 0.000289328
0.28822 0.952551 0.000298251
-0.766282 0.95333 0.000215494
-0.826076 0.954236 0.000170626
-0.32054 0.954332 0.000286291
1 0.954245 0
0.393863 0.955065 0.000288249
-0.704665 0.955459 0.000236979
-0.643734 0.956638 0.000250841
-0.0509594 0.95749 0.000254057
0.178558 0.957903 0.00025725
0.0153394 0.958218 0.000251105
0.486068 0.958423 0.000267005
-0.943137 0.96096 5.35702e-05
-1 1 0
-0.955024 1 0
-0.90288 1 0
-0.854228 1 0
-0.801417 1 0
-0.750676 1 0
-0.703983 1 0
-0.657608 1 0
-0.605786 1 0
-0.553473 1 0
-0.502778 1 0
-0.45014 1 0
-0.3986 1 0
-0.347326 1 0
-0.293841 1 0
-0.242497 1 0
-0.190628 1 0
-0.138954 1 0
-0.0872566 1 0
-0.0344919 1 0
0.011476 1 0
0.0596369 1 0
0.109049 1 0
0.155628 1 0
0.209832 1 0
0.261824 1 0
0.314088 1 0
0.364034 1 0
0.416593 1 0
0.462307 1 0
0.516649 1 0
0.567692 1 0
0.618365 1 0
0.668517 1 0
0.717507 1 0
0.768174 1 0
0.816692 1 0
0.86501 1 0
0.911696 1 0
0.955653 1 0
1 1 0
