       1
       2
       3
       4
       5
       6
       7
       8
       9
      10
      11
      12
      13
      14
      15
      16
      17
      18
      19
      20
      21
      22
      23
      24
      25
      26
      27
      28
      29
      30
      31
      32
      33
      34
      35
      36
      37
      38
      39
      40
      41
      49
      61
      81
      98
     116
     128
     145
     155
     170
     182
     189
     208
     210
     232
     234
     254
     261
     279
     286
     303
     313
     318
     320
     321
     324
     326
     327
     331
     332
     341
     344
     349
     350
     356
     358
     369
     370
     371
     372
     386
     388
     390
     393
     400
     402
     409
     412
     416
     418
     429
     430
     432
     433
     444
     449
     450
     451
     463
     465
     466
     468
     480
     482
     485
     486
     499
     500
     501
     505
     514
     515
     517
     523
     527
     532
     535
     541
     543
     547
     552
     557
     559
     565
     571
     575
     578
     580
     588
     594
     598
     601
     603
     610
     617
     618
     620
     623
     633
     635
     636
     643
     648
     650
     659
     661
     662
     666
     667
     668
     672
     673
     675
     691
     696
     717
     725
     736
     751
     756
     772
     780
     793
     797
     815
     816
     843
     844
     871
     874
     902
     907
     930
     941
     950
     951
     952
     953
     954
     955
     956
     957
     958
     959
     960
     961
     962
     963
     964
     965
     966
     967
     968
     969
     970
     971
     972
     973
     974
     975
     976
     977
     978
     979
     980
     981
     982
     983
     984
     985
     986
     987
     988
     989
     990
