 -1.0000000000000000e+00   -1.0000000000000000e+00
 -9.5479407279157358e-01   -1.0000000000000000e+00
 -9.0884786102926074e-01   -1.0000000000000000e+00
 -8.6004833216891063e-01   -1.0000000000000000e+00
 -8.1322123990643980e-01   -1.0000000000000000e+00
 -7.6254234411746646e-01   -1.0000000000000000e+00
 -7.1713172109761381e-01   -1.0000000000000000e+00
 -6.7212230074009993e-01   -1.0000000000000000e+00
 -6.2323495373433702e-01   -1.0000000000000000e+00
 -5.7238907411840390e-01   -1.0000000000000000e+00
 -5.2000168587753970e-01   -1.0000000000000000e+00
 -4.6449519030632236e-01   -1.0000000000000000e+00
 -4.1678751946474529e-01   -1.0000000000000000e+00
 -3.6309077838562498e-01   -1.0000000000000000e+00
 -3.1077959209191908e-01   -1.0000000000000000e+00
 -2.5598084907864210e-01   -1.0000000000000000e+00
 -2.0407332764638667e-01   -1.0000000000000000e+00
 -1.5744475395258387e-01   -1.0000000000000000e+00
 -1.1059517587425702e-01   -1.0000000000000000e+00
 -6.0841866450250116e-02   -1.0000000000000000e+00
 -7.5646741863714222e-03   -1.0000000000000000e+00
  4.8683618569854585e-02   -1.0000000000000000e+00
  1.0326047348553595e-01   -1.0000000000000000e+00
  1.5116810903295291e-01   -1.0000000000000000e+00
  2.0765327847813506e-01   -1.0000000000000000e+00
  2.5948201418738770e-01   -1.0000000000000000e+00
  3.0933193091982808e-01   -1.0000000000000000e+00
  3.5480473767138193e-01   -1.0000000000000000e+00
  4.0018216331434198e-01   -1.0000000000000000e+00
  4.4941247429387554e-01   -1.0000000000000000e+00
  5.0053638416017932e-01   -1.0000000000000000e+00
  5.5215970679425441e-01   -1.0000000000000000e+00
  6.0786332110686192e-01   -1.0000000000000000e+00
  6.5559708967242381e-01   -1.0000000000000000e+00
  7.0897090214889980e-01   -1.0000000000000000e+00
  7.6285265312396944e-01   -1.0000000000000000e+00
  8.1328750104646286e-01   -1.0000000000000000e+00
  8.6127392962460192e-01   -1.0000000000000000e+00
  9.0845994128521379e-01   -1.0000000000000000e+00
  9.5445591685478004e-01   -1.0000000000000000e+00
  1.0000000000000000e+00   -1.0000000000000000e+00
  1.8015806574795731e-01   -9.6076045335406568e-01
 -4.9077367207197153e-01   -9.5939484358482952e-01
  5.8065861531725094e-01   -9.5897531484580389e-01
  1.7909571434437319e-02   -9.5799375200829984e-01
 -2.8206979842793184e-01   -9.5659307006127337e-01
  9.0608162817427440e-01   -9.5629248789284926e-01
 -3.9273687768348697e-01   -9.5565631040154608e-01
 -1.0000000000000000e+00   -9.5552982409532417e-01
  7.4086694465225988e-01   -9.5551857009689245e-01
 -1.5695634803943637e-01   -9.5524858750731501e-01
  7.9912142706592817e-02   -9.5509718126136312e-01
 -7.7867202185905937e-01   -9.5493920731587834e-01
 -2.1944702039551056e-01   -9.5487290003193015e-01
 -3.9895071857549438e-02   -9.5405312303759282e-01
  6.8118464750711327e-01   -9.5332478707949286e-01
 -5.4721796163355119e-01   -9.5321026520101615e-01
 -7.1813186867951218e-01   -9.5282521544968557e-01
  2.3751511344655080e-01   -9.5282657232216206e-01
  3.5457022293128465e-01   -9.5259682551377955e-01
  1.0000000000000000e+00   -9.5250069157821404e-01
  2.9495269130052476e-01   -9.5230282386345677e-01
 -8.9330198823594331e-01   -9.5199924981061679e-01
 -3.4045077734824208e-01   -9.5202570909184037e-01
 -9.8731577848531413e-02   -9.5168321707120207e-01
 -6.0283303092074447e-01   -9.5119691491424441e-01
 -6.5946141306199924e-01   -9.5114064301491896e-01
  7.9645788320705035e-01   -9.5089656670768796e-01
  5.2534614400861424e-01   -9.5083956853032214e-01
  4.7082432110128791e-01   -9.5083193486443918e-01
  4.1359654794902406e-01   -9.5081171226776062e-01
  8.5121694627343691e-01   -9.5022962523465249e-01
 -9.4676922256666984e-01   -9.4979493369487378e-01
 -8.4187925475214498e-01   -9.4400064407698492e-01
 -4.4184927649169403e-01   -9.4183428670412672e-01
  1.3180190273058745e-01   -9.4058358975160117e-01
  6.2899647090636346e-01   -9.4002014647759136e-01
  9.5327323053849966e-01   -9.3764069811815043e-01
  4.6664371130529771e-02   -9.1261148549003934e-01
  1.9234952469633534e-01   -9.1170121584556774e-01
 -1.0000000000000000e+00   -9.1133478296399539e-01
 -2.5510812430012214e-01   -9.1121591827240656e-01
 -5.0277176676056279e-01   -9.1012394432008281e-01
 -1.8644206461030916e-01   -9.0814076333563709e-01
  7.1768096718640162e-01   -9.0753400524853833e-01
  5.7006090032883405e-01   -9.0724602203742710e-01
 -8.0321148207935211e-01   -9.0688981493368570e-01
 -3.1888433835483038e-01   -9.0621114705488071e-01
 -9.1110074157311240e-03   -9.0291801541690175e-01
  8.9465548501752989e-01   -9.0192453299799547e-01
 -6.6983563889487591e-02   -9.0177005343289240e-01
 -3.8726278130938713e-01   -9.0174032952843686e-01
  3.2066040464068807e-01   -9.0126776023566868e-01
  2.5801520951855345e-01   -9.0123327618718907e-01
 -7.4508654219853065e-01   -9.0084026509610970e-01
 -5.6466151109446783e-01   -9.0011714489934969e-01
 -9.5225484136162331e-01   -8.9998114203192248e-01
  1.0000000000000000e+00   -8.9989985454596744e-01
  3.8386654026617123e-01   -8.9882792241872211e-01
 -1.2958657776570692e-01   -8.9852384256534090e-01
 -6.8534766968728600e-01   -8.9834540966616605e-01
  7.7344081476294868e-01   -8.9838727288306186e-01
  4.4725620183938514e-01   -8.9778219718242935e-01
 -8.9693726870666846e-01   -8.9739508867930906e-01
 -6.2528612910772896e-01   -8.9721195959797051e-01
  5.0715329198810111e-01   -8.9578976606499094e-01
  8.3206359522176665e-01   -8.9573469127088323e-01
  9.7040191581178478e-02   -8.8974513400930499e-01
  6.6624641870389423e-01   -8.8958745400089245e-01
 -4.5190568400622916e-01   -8.8185171009878571e-01
  9.5427522318956548e-01   -8.7974381983596384e-01
  1.4842179098198774e-01   -8.7101203417960671e-01
 -8.4665145970548727e-01   -8.6996979250511830e-01
  6.1485965242404705e-01   -8.6943764507973009e-01
 -2.1863331233581818e-01   -8.6403766668798132e-01
 -1.0000000000000000e+00   -8.6360552214253949e-01
  2.1326124130321486e-01   -8.5529436476362730e-01
 -2.8201230373093911e-01   -8.5331751027994129e-01
 -3.4630200862617677e-01   -8.5246409186531547e-01
 -5.1796940465250241e-01   -8.5242467552976753e-01
  3.9685183344582396e-02   -8.5233216169189985e-01
 -9.4685256623489822e-01   -8.4966190461465985e-01
 -9.0262608042914985e-02   -8.4643281125412839e-01
  7.2456821346344202e-01   -8.4630806251323754e-01
  5.5040958975758514e-01   -8.4586534581182193e-01
 -7.8503210423131686e-01   -8.4568433165855983e-01
  9.1015122580243490e-01   -8.4562792560076583e-01
  1.0000000000000000e+00   -8.4455640671626597e-01
  3.4787807003133997e-01   -8.4358233026942708e-01
 -2.4007523745132663e-02   -8.4304216943149046e-01
  2.8325917645482157e-01   -8.4264465286505674e-01
  4.2018358162052150e-01   -8.4170764993603875e-01
 -5.8543208874634789e-01   -8.4036040074330254e-01
 -7.1748812244158078e-01   -8.4018589732840288e-01
  8.5341916205934232e-01   -8.3874863675797151e-01
 -1.6092786036110482e-01   -8.3830204418142340e-01
 -6.5171606510250280e-01   -8.3740175250654991e-01
 -4.1069475017043455e-01   -8.3702502101551635e-01
  7.8687318328878841e-01   -8.3666054690789438e-01
  4.8261983908635847e-01   -8.3343048470234637e-01
 -8.9397128598009568e-01   -8.2822220337274544e-01
  6.6981376937479609e-01   -8.1889609354448001e-01
  9.5923282313049890e-02   -8.1778471009540277e-01
  9.5371093124275186e-01   -8.1676409291938645e-01
 -1.0000000000000000e+00   -8.1659311621663910e-01
 -4.7090205354283915e-01   -8.0890167653234746e-01
  1.6201362514943765e-01   -8.0301599836164184e-01
 -2.2800006522980384e-01   -8.0295534261105272e-01
  6.0370283265069413e-01   -8.0035238792819852e-01
 -9.5117724329498676e-01   -7.9662632503869268e-01
 -8.3496548007810145e-01   -7.9505306767668582e-01
  2.3340084648582501e-01   -7.9428254589630476e-01
 -2.9874241190000145e-01   -7.8969609200958435e-01
  3.8507832514975510e-01   -7.8882410460880503e-01
  1.0000000000000000e+00   -7.8804546247303253e-01
 -3.6201185616912640e-01   -7.8716542007481816e-01
 -1.1540040093910942e-01   -7.8628306711062323e-01
  8.9368072071973126e-01   -7.8573246299993860e-01
  2.8209806990681537e-02   -7.8450382743331448e-01
 -5.4110821383905294e-01   -7.8405209421004418e-01
 -7.5958109455480227e-01   -7.8218508837169176e-01
 -4.7188030749378204e-02   -7.8116407304909097e-01
  5.2944757197561809e-01   -7.7828018433918955e-01
  8.2190474722706841e-01   -7.7709086064646582e-01
  3.1082924581100368e-01   -7.7492617608209091e-01
  7.4085225404124233e-01   -7.7486345666625911e-01
 -6.1290545713101829e-01   -7.7277440233517725e-01
 -6.8514412612192155e-01   -7.7250428364307089e-01
 -9.0015725477673580e-01   -7.6664849387180878e-01
 -1.0000000000000000e+00   -7.6651083718137258e-01
  4.5184744834591584e-01   -7.6430993871368014e-01
  9.5588675789600441e-01   -7.6237927452630605e-01
 -1.8002346342730405e-01   -7.5815726015727458e-01
 -4.1900107881898285e-01   -7.5722132460132696e-01
  6.6725459498043505e-01   -7.4723458435500412e-01
  1.0681129891409728e-01   -7.4260968363544555e-01
 -9.4874159528005531e-01   -7.4092185289278589e-01
 -2.5904982830560735e-01   -7.3213586050090218e-01
 -4.8914664939580488e-01   -7.3116195527392525e-01
  9.1536529568137648e-01   -7.3121142643003445e-01
 -8.5825990503075678e-01   -7.3098085213864494e-01
  1.0000000000000000e+00   -7.3012714337819251e-01
  1.7864270034709973e-01   -7.2984960089994344e-01
  2.5097718588129742e-01   -7.2871237003470368e-01
  5.9130825047846736e-01   -7.2851238216062530e-01
 -7.9750986964068571e-01   -7.2354870291710971e-01
  8.5918922690167343e-01   -7.2360293694181632e-01
  3.7104491000747469e-01   -7.2298926509289885e-01
 -1.0000000000000000e+00   -7.1700593472575425e-01
  3.8889342094895252e-02   -7.1593666170411263e-01
 -3.3891583061248835e-02   -7.1546854288036066e-01
 -3.4096416562691995e-01   -7.1510857801638938e-01
 -1.1175907283932239e-01   -7.1435018840151698e-01
  7.9231644887468555e-01   -7.1208471877274149e-01
 -7.2426029472405218e-01   -7.0740791557856009e-01
 -5.6563292456956904e-01   -7.0616421712016197e-01
  5.0912085153162812e-01   -7.0486070836136827e-01
  9.5986683545138396e-01   -6.9922694445388467e-01
 -6.4247259715553406e-01   -6.9824654127363861e-01
 -9.0423759718888042e-01   -6.9232515259712057e-01
  7.2544928627458050e-01   -6.9055437209090564e-01
 -9.5620745786249339e-01   -6.8961802542109629e-01
  3.0418175178449947e-01   -6.8291199220957688e-01
  4.3131093318241437e-01   -6.8193753868582541e-01
 -1.9567975061076331e-01   -6.8133888224165162e-01
 -4.2056180500460283e-01   -6.8120349997449570e-01
  9.0574539163046164e-01   -6.7318127083513069e-01
  1.0000000000000000e+00   -6.6967138274454141e-01
 -8.4309724841572831e-01   -6.6523457205207714e-01
 -1.0000000000000000e+00   -6.6411233435928041e-01
  6.5018548491548411e-01   -6.6201933848124561e-01
  1.5212278743697832e-01   -6.5971085000864371e-01
  8.4707256131476227e-02   -6.5959646808560524e-01
  8.4493932058753074e-01   -6.5817730628429916e-01
 -2.7554811200801699e-01   -6.5638417214179023e-01
  2.2315646877578851e-01   -6.5304688953254664e-01
 -7.7452670436246562e-01   -6.4998378458239159e-01
  8.4585733516627636e-03   -6.4935196535255457e-01
 -5.0471233582907593e-01   -6.4913632949345512e-01
  5.7180628583107773e-01   -6.4920050626162928e-01
 -6.5109247418595945e-02   -6.4826480108142193e-01
 -1.3707534591063134e-01   -6.4698182670127125e-01
  9.5461935018218336e-01   -6.4028509921089949e-01
 -9.4837282879963258e-01   -6.3930705531187915e-01
  7.8123816922376477e-01   -6.3457203003299600e-01
 -3.5201045399690167e-01   -6.3215307423160993e-01
 -6.9282192516207297e-01   -6.3168731116831556e-01
  3.5738850164643676e-01   -6.3166977935715130e-01
 -8.9377867879359707e-01   -6.2617188016672354e-01
 -5.9392025666859261e-01   -6.1969796324852400e-01
  4.8673530969367723e-01   -6.1559519171289501e-01
 -1.0000000000000000e+00   -6.1491840979108692e-01
  8.9953021293830127e-01   -6.1416643192434206e-01
  1.0000000000000000e+00   -6.1206193668841424e-01
 -2.1603561771183660e-01   -6.1055404002280222e-01
  2.7726836589005965e-01   -6.0790354882678788e-01
  7.1140838108635451e-01   -6.0482587699800749e-01
 -4.2849598561054664e-01   -5.9967007759809710e-01
 -8.2957705892851130e-01   -5.9807344775575122e-01
  5.1553370409712272e-02   -5.9680297016715533e-01
  1.2210698364289506e-01   -5.9546720721613133e-01
  4.1721749083319448e-01   -5.9154706394543599e-01
 -2.0644643958665995e-02   -5.9110282353699395e-01
 -1.4834766569031196e-01   -5.8997531305700013e-01
  8.4023040481776934e-01   -5.8916044278839375e-01
  1.9319552554663985e-01   -5.8807665266826636e-01
 -9.4608961905278866e-01   -5.8615937024061837e-01
 -2.9095690613361713e-01   -5.8531529222371514e-01
 -8.7378289364302086e-02   -5.8522813531009332e-01
  9.5234244713132765e-01   -5.8284183857167338e-01
 -7.5648965799576151e-01   -5.7873633171163830e-01
 -5.0454695648763093e-01   -5.6842033159299543e-01
  6.3330873940580790e-01   -5.6820473069471544e-01
 -1.0000000000000000e+00   -5.6714525686703610e-01
  5.4780951126506405e-01   -5.6564415184686223e-01
 -8.8631082788288895e-01   -5.6340879869409299e-01
  3.3560475837934328e-01   -5.6115873245195602e-01
 -6.6629991739329486e-01   -5.6055419401166384e-01
  7.7686519388752184e-01   -5.5744446245478974e-01
 -3.6162783974907936e-01   -5.5688224581751578e-01
  1.0000000000000000e+00   -5.5567979020664604e-01
  8.9797511203784441e-01   -5.5325879239303477e-01
  2.5234168876576935e-01   -5.5062919767354668e-01
 -1.8268555433047215e-01   -5.4729468165681561e-01
  1.3613799883329185e-02   -5.4266555083585988e-01
 -2.4216523617546162e-01   -5.4229617762379623e-01
  7.9073912973109325e-02   -5.4213533688803528e-01
  1.4248972570094251e-01   -5.3638221521499296e-01
 -5.3849383876705376e-02   -5.3613141272608167e-01
 -9.4806192380371823e-01   -5.3335589562921459e-01
 -5.7210590889268831e-01   -5.3167785328079487e-01
 -8.1801625494866459e-01   -5.3049657246960924e-01
 -1.2140501418323769e-01   -5.2763022063725296e-01
  3.9950496850838157e-01   -5.2697793917291480e-01
  4.7486663941933815e-01   -5.2566904528530933e-01
  9.5181305940039485e-01   -5.2541309974078299e-01
 -4.2986895676073955e-01   -5.2362199865521719e-01
  7.0848670159895732e-01   -5.2146031342035115e-01
 -1.0000000000000000e+00   -5.2010317803281347e-01
  8.3924635067618414e-01   -5.1967243522204831e-01
  1.9883739336882258e-01   -5.1711890192763743e-01
 -3.0502361267809086e-01   -5.1566973186859677e-01
 -7.3244374343323115e-01   -5.1196643964871957e-01
  3.0180370673147433e-01   -5.1054921001478526e-01
 -8.9391666594118868e-01   -5.0712644813029573e-01
  1.0000000000000000e+00   -4.9990487896130986e-01
 -1.8730095220001616e-01   -4.9696116075206126e-01
  5.5939060706921562e-01   -4.9568244463938538e-01
  4.1290323704366139e-02   -4.9398234013405035e-01
 -1.8897620627885629e-02   -4.9355235254584573e-01
  8.9764740601862192e-01   -4.9193030975969787e-01
 -4.9304227570311920e-01   -4.8867529862201869e-01
  9.9135136619224587e-02   -4.8871120382143507e-01
 -8.0602450541696444e-02   -4.8706721005906528e-01
 -3.6681211832623684e-01   -4.8555598395453259e-01
 -6.3838129523642351e-01   -4.8283781358316691e-01
 -2.4934901462760375e-01   -4.8152437172170964e-01
  2.5080069722965870e-01   -4.8149701717309229e-01
  3.5741675910847925e-01   -4.8087285317886497e-01
  7.7831157803454198e-01   -4.7994770259466540e-01
 -9.5042525023160085e-01   -4.7654460107920443e-01
  6.3667627725074050e-01   -4.7649900851004268e-01
 -1.0000000000000000e+00   -4.7612892588815936e-01
  1.5266164096244467e-01   -4.7600888298356980e-01
 -1.3962539867242116e-01   -4.7328621084914996e-01
 -8.4692326047350530e-01   -4.7050600816949506e-01
  9.5176893021655773e-01   -4.6816712894932422e-01
  4.2474153857620273e-01   -4.6142535967263010e-01
 -7.8335143255763717e-01   -4.6058145320783017e-01
  2.0307606067243300e-01   -4.5355088549794048e-01
 -3.0835876168639703e-01   -4.5285971735344938e-01
  4.9620082091237921e-01   -4.5119630583406217e-01
  8.5671335035190244e-03   -4.4991844174642681e-01
 -4.2494515737150595e-01   -4.4975893104779602e-01
 -5.5448139630461657e-01   -4.4953045019254467e-01
  8.4045825704235488e-01   -4.4928138352575803e-01
 -1.9949956570761493e-01   -4.4788704599201246e-01
 -4.6280439220049860e-02   -4.4761380781383325e-01
  3.0769846961849917e-01   -4.4637621899187024e-01
  6.1882882897571635e-02   -4.4572470068898523e-01
  1.0000000000000000e+00   -4.4489986415705657e-01
 -8.9981685842686476e-01   -4.4119742917079857e-01
 -7.0227709711038544e-01   -4.3936677376534966e-01
 -1.0083419170657772e-01   -4.3855725485149732e-01
  7.1587743905915147e-01   -4.3805894524097472e-01
  1.1247257070444507e-01   -4.3571770774107127e-01
 -1.0000000000000000e+00   -4.3229760652446381e-01
  8.9844073045122530e-01   -4.3137894441815983e-01
 -2.5485791955894282e-01   -4.2554201861122321e-01
  2.5509580818561806e-01   -4.2362708397074339e-01
 -1.5406047376308005e-01   -4.2280654018581038e-01
  1.6084537812338778e-01   -4.2027225025731169e-01
 -3.6299425768988186e-01   -4.2003616080069550e-01
  5.6862424349262664e-01   -4.1901687230775408e-01
 -9.5137065929244613e-01   -4.1775229205034803e-01
  3.6946441088193338e-01   -4.1702614474314953e-01
 -4.8195444360978168e-01   -4.1395566473560524e-01
  9.5348194127223918e-01   -4.1116091816619404e-01
 -8.3645907371638983e-01   -4.0415129811848083e-01
 -6.1561893888681096e-01   -4.0212546842038893e-01
 -2.0599030516662875e-01   -4.0008498369391365e-01
  4.4382417020263487e-01   -4.0006097473944696e-01
  7.8507256691503124e-01   -3.9956239551507788e-01
  2.0844645579148949e-01   -3.9881082616695179e-01
 -3.0404277018613574e-01   -3.9486024921738033e-01
  3.0757434001534195e-01   -3.9317933450637210e-01
 -7.5797852008337696e-01   -3.9203616910014277e-01
  6.4586695321454279e-01   -3.9207135635319101e-01
  1.0000000000000000e+00   -3.9031242967067714e-01
 -1.0000000000000000e+00   -3.8409788857172128e-01
 -4.1487139944338686e-01   -3.8244298099390045e-01
 -8.9699454044330740e-01   -3.8066575236929617e-01
  8.4469422301690733e-01   -3.7845430574374261e-01
  5.0594801889223084e-01   -3.7694693998683948e-01
  9.0384875391038189e-01   -3.7402722385868836e-01
 -2.5160343603815150e-01   -3.7308941418083125e-01
 -5.4480003380062691e-01   -3.7262247523737957e-01
  2.5433019766193016e-01   -3.7123597691662852e-01
  4.0173737418953664e-01   -3.6524183843584168e-01
 -3.4963355690054293e-01   -3.6323522407244618e-01
 -9.5011473297359539e-01   -3.6213578435146454e-01
 -6.7891884910584877e-01   -3.5851753354309113e-01
  3.4670751781137493e-01   -3.5695544610896729e-01
  7.2734560697630990e-01   -3.5620836635655012e-01
  9.5801884311824770e-01   -3.5223541662510355e-01
 -4.8236762496245728e-01   -3.4845377655779303e-01
  5.7922439571777340e-01   -3.4655333384104337e-01
 -8.0160999480235462e-01   -3.4321105556840414e-01
 -2.9246723649099104e-01   -3.4199841458597841e-01
  2.9453371536106293e-01   -3.4022035582194132e-01
  1.0000000000000000e+00   -3.3580378623825607e-01
 -1.0000000000000000e+00   -3.3514512459408868e-01
 -8.5827724520432536e-01   -3.3061956911132639e-01
  4.5278480483497485e-01   -3.2847513339438456e-01
 -4.2949740612066584e-01   -3.2709304530437100e-01
 -6.0157713476402219e-01   -3.2254896710179587e-01
 -3.7905311654086371e-01   -3.2158798150141193e-01
  9.1565784832187580e-01   -3.1784639792386499e-01
  7.9532764684166390e-01   -3.1554846882428622e-01
  8.5979692481238967e-01   -3.1532630239598380e-01
 -9.1041690258927388e-01   -3.1400544519150358e-01
  6.5364090887990878e-01   -3.1378896660359090e-01
  3.8747614071531661e-01   -3.1339311667481051e-01
  5.2022141386296072e-01   -3.1260664866550197e-01
 -7.3852247193501031e-01   -3.1068982006877066e-01
 -3.2747481924958832e-01   -3.0864258092079500e-01
 -9.6037591493419672e-01   -3.0658215366932556e-01
  3.3136678718725326e-01   -3.0446026399055370e-01
 -5.3474493226790309e-01   -2.9917916325174360e-01
  1.0000000000000000e+00   -2.8800320883461983e-01
  9.5831230038326709e-01   -2.8649986786188575e-01
 -4.7055265865590251e-01   -2.8303996996029057e-01
 -1.0000000000000000e+00   -2.8094765938267724e-01
 -6.6001046113709494e-01   -2.7732616711454894e-01
  7.2751364478865399e-01   -2.7696482855295784e-01
  5.9084014271479446e-01   -2.7534760589536389e-01
 -8.0980147031835248e-01   -2.7336820828128017e-01
  4.2008291668969944e-01   -2.7231945489770976e-01
 -4.1325914053012147e-01   -2.7130775411745378e-01
 -3.6057207752353121e-01   -2.6923554169233421e-01
  4.7678842621186679e-01   -2.6785497132448172e-01
  3.6344246481801901e-01   -2.6534802574544070e-01
 -8.7324666472436507e-01   -2.6181222512318808e-01
  9.0588221702372795e-01   -2.5984713826275641e-01
 -9.3957129899330261e-01   -2.5754175823278319e-01
  8.4699683916912016e-01   -2.5199389194602462e-01
  5.3804156785349055e-01   -2.4904120645767794e-01
 -5.8527899293679309e-01   -2.4685199190999918e-01
  1.0000000000000000e+00   -2.3939010616215992e-01
 -7.4315798933237331e-01   -2.3898887199390478e-01
 -5.0796568582049384e-01   -2.3882840120653359e-01
 -1.0000000000000000e+00   -2.3596289381557214e-01
  6.5090572504482647e-01   -2.3451757362823589e-01
  7.8830093423114422e-01   -2.3272595699889401e-01
  9.5390130025937891e-01   -2.2511324800027188e-01
 -3.8974889197965262e-01   -2.2493510442043749e-01
 -4.4713926966921302e-01   -2.2480208712818125e-01
  3.9032254044060566e-01   -2.2393819331233286e-01
  4.4626390411644845e-01   -2.2040728186212033e-01
 -9.5388743957948174e-01   -2.0972246886293533e-01
 -6.5986811733389050e-01   -2.0908677828412081e-01
 -8.9263615321304646e-01   -2.0841292138720138e-01
  5.0689683827865262e-01   -2.0617031020184654e-01
 -8.1789237552893113e-01   -2.0569074016919373e-01
  9.0007502008945761e-01   -2.0030190069159740e-01
  5.8364308657389574e-01   -1.9809894297864972e-01
  7.2075887004104444e-01   -1.9706818537202808e-01
 -5.3566693276498589e-01   -1.9564241045586961e-01
  1.0000000000000000e+00   -1.8757256409068979e-01
 -1.0000000000000000e+00   -1.8552117209798391e-01
  8.4371211431360182e-01   -1.8055924379625690e-01
 -4.1226730811764695e-01   -1.8037645815745793e-01
  4.1289988210554107e-01   -1.7892369143640616e-01
 -4.7425679091876577e-01   -1.7716772914792173e-01
 -5.9566668357110153e-01   -1.7561908676375629e-01
 -7.3620687059717727e-01   -1.7141411477224083e-01
  4.6820622395764289e-01   -1.6831271478090584e-01
  9.5135315739174786e-01   -1.6620994175186021e-01
 -9.3777006900797721e-01   -1.6225344604870798e-01
  6.5019128282475769e-01   -1.6029999518601010e-01
 -8.6760992768342704e-01   -1.5489301181940973e-01
  5.3374310046284723e-01   -1.5455095595881663e-01
  7.8396261651440546e-01   -1.5227359824743239e-01
 -1.0000000000000000e+00   -1.4133451467129221e-01
 -5.3306905345729794e-01   -1.4016003084452028e-01
 -7.9706739072107247e-01   -1.3745375966271195e-01
 -6.5709414236275265e-01   -1.3700299761704515e-01
  8.9791568655741694e-01   -1.3628526428719850e-01
 -4.2893724608079509e-01   -1.3606189372716909e-01
  1.0000000000000000e+00   -1.3459971675110527e-01
  4.3015832663384090e-01   -1.3215072465777034e-01
  5.9271030962409532e-01   -1.2611956646860248e-01
 -4.8165729148400199e-01   -1.2182793680763966e-01
  4.8652609257080193e-01   -1.1884271349677396e-01
  7.1628871571822827e-01   -1.1576877740400002e-01
 -9.5767691226330542e-01   -1.1546138343682479e-01
  9.5019065831454563e-01   -1.0826121022116528e-01
 -5.8939028319069731e-01   -1.0744457096839313e-01
  8.4169070452418282e-01   -1.0749359532990511e-01
 -9.0506708753104848e-01   -1.0662390649149969e-01
 -7.1712007636224240e-01   -9.6082162419342532e-02
  5.4162224829101191e-01   -9.0877505963172220e-02
 -1.0000000000000000e+00   -8.9187952349539384e-02
 -8.4635019523255217e-01   -8.8261829402765571e-02
 -4.4162083357817755e-01   -8.6435174262077169e-02
  4.4179208892476146e-01   -8.5555538473530091e-02
  6.5030758263945787e-01   -8.2916382596138066e-02
  1.0000000000000000e+00   -8.1408634502087240e-02
 -5.3171131621216150e-01   -7.9721438995014660e-02
  7.8090466837838668e-01   -7.3060476628641111e-02
  8.9631045101235596e-01   -6.9682400336318465e-02
 -7.7973516752710925e-01   -6.6588261964606626e-02
 -6.4048837059711905e-01   -6.5101119937483062e-02
  4.9297774221334423e-01   -6.4693024602037852e-02
 -4.8614381673347906e-01   -6.3910816590945621e-02
 -9.5091180967093292e-01   -6.1474149747357473e-02
  5.9218814025366950e-01   -5.3188371378466680e-02
  9.4858726284272510e-01   -5.2706218501531808e-02
 -8.9774132143925489e-01   -4.4250539823151587e-02
 -1.0000000000000000e+00   -4.0626456312165674e-02
 -5.7007567555159055e-01   -3.9256144621819339e-02
  4.4850274609291418e-01   -3.6678150813732706e-02
  7.0957329211643050e-01   -3.4688714962996386e-02
  8.4134650222427998e-01   -3.4163525810801239e-02
 -4.4882986106977973e-01   -3.2430784943973029e-02
  1.0000000000000000e+00   -2.9144769601683003e-02
  5.3885006859499240e-01   -2.5040116649890091e-02
 -6.9957110982727333e-01   -2.1069087570034201e-02
 -8.3908461321563299e-01   -2.0204473173068276e-02
 -5.0706676852580246e-01   -1.4286280493745012e-02
  4.9174827699855295e-01   -8.4554877742662286e-03
 -9.4840620279623211e-01   -6.5019726974300954e-03
  6.4079110530249050e-01   -5.9643941067616208e-03
  9.5361268279893519e-01   -2.2066893324284385e-03
  8.9847585572103839e-01   -1.1232204451044870e-03
 -6.2165709628476817e-01    3.5703027885970208e-04
 -7.7196099537931040e-01    8.2072550047729146e-04
  7.7607181597930996e-01    3.4482697509641328e-03
 -1.0000000000000000e+00    5.3548749529334604e-03
 -4.4977263525139660e-01    1.4303026917899397e-02
  4.4974978262158716e-01    1.5004433739235519e-02
  5.7592512824786501e-01    1.7191986360647719e-02
 -8.9182313414109182e-01    1.8372946129010588e-02
 -5.5757397048629198e-01    2.2747746895865281e-02
  1.0000000000000000e+00    2.5263842516155446e-02
  8.3736975630550126e-01    3.6170445957951193e-02
  5.0852099633144143e-01    3.8435042197277274e-02
 -4.9855910940125658e-01    4.2115536507945452e-02
  6.9969852425458368e-01    4.3553540178590353e-02
 -6.7266677645110329e-01    4.7281385753082147e-02
 -9.5075677284936944e-01    4.7919833082827414e-02
 -8.2560465000022121e-01    4.8482020464977946e-02
  9.4813855186518459e-01    4.8572279179338346e-02
 -1.0000000000000000e+00    4.8986114526469803e-02
  4.4615078536361036e-01    5.8732245993437772e-02
 -7.4173232177642634e-01    6.1243624447760256e-02
 -4.4538133697138149e-01    6.4307578694775394e-02
  6.2880139640305543e-01    6.4744468334882080e-02
  8.9373119524505218e-01    6.5797009320467045e-02
 -6.1044794472352892e-01    7.0728636545614246e-02
  5.5795465496599617e-01    7.2584033304224749e-02
 -8.9554224992886355e-01    7.4629770880515034e-02
  1.0000000000000000e+00    7.7427560985656910e-02
  7.6722074148467578e-01    7.8109572989388934e-02
 -5.4850192302005041e-01    8.3073212645641673e-02
  4.9043548492074629e-01    8.9786442916127918e-02
 -1.0000000000000000e+00    9.2237171351829864e-02
 -4.8979344617504839e-01    9.8081146571353431e-02
  9.4916218150419096e-01    1.0265070084362549e-01
 -9.4857236951574231e-01    1.0388699550573367e-01
  8.3299148089434194e-01    1.0512540401730454e-01
  4.3714601657423330e-01    1.0678651690770778e-01
 -8.4242225789109493e-01    1.0861467941113467e-01
 -7.7520667532439969e-01    1.1347023626540964e-01
 -4.3528838630926359e-01    1.1412283182727845e-01
  6.8499935996101791e-01    1.2062036534535268e-01
 -6.7887866617943182e-01    1.2090693029940788e-01
  5.3744215006365048e-01    1.2375376021030338e-01
  6.0500304257941651e-01    1.2591855954231465e-01
  8.9341641363514657e-01    1.2862706092591719e-01
  1.0000000000000000e+00    1.3044201134290517e-01
 -6.0556018317173643e-01    1.3397263424160760e-01
 -1.0000000000000000e+00    1.3844755279231649e-01
 -8.9419510712166428e-01    1.3865064963517387e-01
 -5.3732256968640191e-01    1.3972920262024757e-01
  4.8648585534416261e-01    1.4865071599411270e-01
  4.2445327063392924e-01    1.4946377838178859e-01
  7.6647991676890637e-01    1.5015761030063740e-01
 -4.7411030501816143e-01    1.5159628162703190e-01
 -9.5044819002181424e-01    1.5785613207978633e-01
  9.4988892089450416e-01    1.5772058795317254e-01
 -4.1924385502158634e-01    1.6350715588817247e-01
 -7.3954038650322851e-01    1.7034633495959928e-01
 -8.2365482902172893e-01    1.7085307907163191e-01
  8.3508925134343714e-01    1.7361117309277144e-01
  5.5333050018531837e-01    1.7752104855615153e-01
  1.0000000000000000e+00    1.8385546947549419e-01
  6.3148843188234105e-01    1.8501591509283552e-01
 -1.0000000000000000e+00    1.8697645258485621e-01
  8.9621152026057160e-01    1.8902378388975363e-01
  4.5922118508696480e-01    1.8925811557022543e-01
 -5.1104083931325972e-01    1.9308551286395856e-01
 -5.7831454645104163e-01    1.9394296422738488e-01
 -8.9438588853375578e-01    1.9402157767054404e-01
  4.0553952217829176e-01    1.9503255100470485e-01
 -6.5268041016737544e-01    1.9586743641877716e-01
  7.0464930162559269e-01    1.9889394655017978e-01
 -4.4526118380544838e-01    2.0304614664093443e-01
 -9.4658928186309932e-01    2.1043633801992226e-01
  9.5442025419110943e-01    2.1339163806349024e-01
 -3.9522743184555087e-01    2.1516337308373484e-01
  5.0669097075384972e-01    2.1767584220389627e-01
  7.8206187203159339e-01    2.2724544089562135e-01
 -8.5093646102360232e-01    2.3065896502676420e-01
 -1.0000000000000000e+00    2.3435046156476036e-01
 -7.8548425880434802e-01    2.3446451736365195e-01
  5.8170092783454541e-01    2.3469380268943277e-01
  3.8311360262907362e-01    2.3605924570025269e-01
  4.4299943517956936e-01    2.3790241806556481e-01
  1.0000000000000000e+00    2.3910472665106680e-01
 -4.7542568682945430e-01    2.3931368303402734e-01
 -7.1475366559443221e-01    2.4088973032050476e-01
  8.4664970238132398e-01    2.4363608909906220e-01
  9.0610479332393867e-01    2.4575082758388056e-01
 -5.3884683286357982e-01    2.4981770433172948e-01
 -9.5405855777949966e-01    2.5829787877652832e-01
 -6.0626588438773787e-01    2.5887661022037162e-01
 -3.6752628916921004e-01    2.5966213965364726e-01
 -9.0008445644995116e-01    2.6331084424292223e-01
  6.5048828130904590e-01    2.6334308818736807e-01
 -4.2327872400616451e-01    2.6478512749442151e-01
  9.5080489893265163e-01    2.7347408126926143e-01
  5.3338802683804232e-01    2.7519879991651580e-01
  3.5502602182993170e-01    2.7650772832529086e-01
  7.2897030170466159e-01    2.7753597140551567e-01
  4.1106281176685960e-01    2.8161597395687094e-01
  4.7623457713232675e-01    2.8257123408650553e-01
 -1.0000000000000000e+00    2.8502125484411489e-01
 -6.6690075562740703e-01    2.8846364459704188e-01
 -4.8552094144282704e-01    2.9067094055825921e-01
  1.0000000000000000e+00    2.9119684220570657e-01
 -8.3209026440588463e-01    2.9150444816593701e-01
 -3.3408367598148075e-01    3.0147652884213227e-01
  8.8575007176449960e-01    3.0164580700262555e-01
  8.1028998150615261e-01    3.0431002746088054e-01
 -9.4785722333354039e-01    3.0792684710759233e-01
 -7.5861889779186786e-01    3.0917877118056702e-01
 -3.8627449819142751e-01    3.1145333587468516e-01
  5.9100108702702558e-01    3.1165455936543202e-01
  3.2391585053382232e-01    3.1237561008015735e-01
 -5.5409322106549241e-01    3.1439116434954661e-01
 -8.9102897261259939e-01    3.2537227346713743e-01
  9.5139444754022962e-01    3.2581222158489404e-01
 -4.3933439908271693e-01    3.2697159690879035e-01
  3.8150042098679415e-01    3.2817429802359194e-01
  4.4268429794593422e-01    3.3081265435210044e-01
 -1.0000000000000000e+00    3.3303684568353897e-01
 -2.9662783352840055e-01    3.3839611164469297e-01
  5.1857005286239066e-01    3.4153751511836811e-01
  1.0000000000000000e+00    3.4231814864265980e-01
  7.4462809455146028e-01    3.4317758139233395e-01
 -6.1044328352540445e-01    3.4406071132799898e-01
  2.8672369301647316e-01    3.4682780145627784e-01
  6.6212028041018800e-01    3.4712436983584127e-01
 -5.0247981278984866e-01    3.4970583825316759e-01
 -8.2943745251454082e-01    3.5386769547638958e-01
 -3.4890108873485626e-01    3.5489056814677727e-01
  9.1034898072831127e-01    3.5674088473856669e-01
 -9.4755242522304495e-01    3.5750928119045594e-01
 -6.9306830457072621e-01    3.6157925650594241e-01
  3.4035907431796991e-01    3.6185626957250044e-01
  8.5227460728613236e-01    3.6190174837292655e-01
 -2.5455035270537318e-01    3.7108505485612070e-01
 -4.0399788319620139e-01    3.7454355449944776e-01
  2.4586374090380408e-01    3.7689656526530874e-01
 -1.0000000000000000e+00    3.8096374646011388e-01
  4.6541255921750097e-01    3.8198627034524169e-01
 -7.6885732249872552e-01    3.8392886045975277e-01
  5.8410862940487618e-01    3.8434833190233775e-01
  4.0101643434196044e-01    3.8716932952882172e-01
 -8.9215546402794121e-01    3.8785937363101791e-01
  7.9569111387076941e-01    3.8848377734420153e-01
  1.0000000000000000e+00    3.8964404388028856e-01
  9.5631896104380354e-01    3.8972926249871925e-01
 -3.0501870657744279e-01    3.9148917017470919e-01
 -4.6513249749165575e-01    3.9477675764644449e-01
 -5.4600152601581309e-01    3.9950458087507368e-01
 -2.0701567221873127e-01    3.9955539222469122e-01
  2.9497785997895565e-01    4.0075107081339523e-01
  2.0177186254571070e-01    4.0222893417161676e-01
 -9.4741980778668489e-01    4.0791526777477949e-01
  9.0174737203606303e-01    4.1476430419981486e-01
  3.4716622729909602e-01    4.1552642124684980e-01
 -3.6026708617999731e-01    4.1583478206416624e-01
  7.2127115305219691e-01    4.1641019261142026e-01
 -6.2102890535837818e-01    4.1803137113899697e-01
  5.1888078920803060e-01    4.1999240279592537e-01
 -8.3894778633110523e-01    4.2048104089966792e-01
 -1.5814737939286716e-01    4.2129491617057113e-01
 -2.5473037267465320e-01    4.2173092574315019e-01
  1.5408357973490516e-01    4.2279812021350938e-01
 -1.0000000000000000e+00    4.2856899622627853e-01
  2.5091989795247255e-01    4.2975547293942645e-01
  8.4534966734434902e-01    4.3618858570790481e-01
  6.4543913620043070e-01    4.3626395436645782e-01
  1.0000000000000000e+00    4.3702815403926459e-01
  1.0617197140779093e-01    4.3729568084693365e-01
 -1.0439145639225596e-01    4.3772414124914766e-01
 -7.0614916273394934e-01    4.3899150302505746e-01
 -4.2096478181615310e-01    4.4292481423620406e-01
  4.4484435527571858e-01    4.4351143255326320e-01
  5.6451654311452916e-02    4.4644508142155653e-01
 -5.3058020433595414e-02    4.4686110422330133e-01
 -3.0971540847956786e-01    4.4923849849251696e-01
  2.7976652906706650e-03    4.4999130332587695e-01
  9.5170562779056722e-01    4.4998965778684918e-01
 -9.0019334973997400e-01    4.5412268664318073e-01
 -2.0181163470882921e-01    4.5410998356935178e-01
 -7.7926445630415653e-01    4.5534087057158590e-01
  1.9698479055626730e-01    4.5556484485026894e-01
 -9.5385216567084563e-01    4.5730719618106302e-01
  3.8063391309180394e-01    4.5821186533929870e-01
 -4.9105026547002550e-01    4.5906815740013535e-01
  3.0785837094459928e-01    4.6343866124872540e-01
  7.8034651351593598e-01    4.6524213324320657e-01
 -1.4607032671060247e-01    4.6991445821844413e-01
  5.7369211920866869e-01    4.7153708713484194e-01
 -2.5438037381712947e-01    4.7538837373286469e-01
  8.9813776467603168e-01    4.7785533138405523e-01
  1.4789467688941818e-01    4.7841722792907587e-01
 -1.0000000000000000e+00    4.7867537981880215e-01
 -5.6206796329360642e-01    4.8002186395402885e-01
 -3.7052122532950860e-01    4.8202571195336391e-01
  2.4721361571552383e-01    4.8211704737121142e-01
 -8.4797177283696190e-01    4.8648973793932643e-01
  1.0000000000000000e+00    4.8760043180656443e-01
 -2.6170980577081063e-02    4.9140797486009130e-01
  9.1342611836119858e-02    4.9213849884576699e-01
  3.7425467256901851e-02    4.9304564393262784e-01
 -8.5595073602865709e-02    4.9317915619367914e-01
  4.9677266633082900e-01    4.9593294138548211e-01
 -6.4415604626615897e-01    4.9952851028426626e-01
  7.0931584314581309e-01    4.9989310635572798e-01
 -9.4776191196060877e-01    5.0585623926871703e-01
  8.3762115306392959e-01    5.0670568890563461e-01
  9.5083833685758168e-01    5.0877392101799690e-01
 -3.1514356021289586e-01    5.1124710273074681e-01
 -1.9668868660120042e-01    5.1325687191659519e-01
  4.2214439727687358e-01    5.1389660335686194e-01
 -4.3542944094613983e-01    5.1664941566320277e-01
  3.4798041472430508e-01    5.1691167119416537e-01
 -7.2277206360775648e-01    5.1779380711325096e-01
  2.0058681156006786e-01    5.1778203215835128e-01
 -1.3684173786080406e-01    5.1869737057241172e-01
 -7.9264124128094582e-01    5.2305721884992762e-01
 -8.9695682147169520e-01    5.2334711208818141e-01
 -1.0000000000000000e+00    5.2587096363096342e-01
  2.7806133396744076e-01    5.2660868168554809e-01
 -2.5416282352662117e-01    5.3078975177165888e-01
  6.3642421878720123e-01    5.3259198499192906e-01
  1.3289998818897900e-01    5.3337298127237454e-01
  1.2591268888153468e-02    5.3483318584517603e-01
 -5.0287948237903746e-01    5.3975652941500807e-01
  8.9575016935891794e-01    5.3965439974882179e-01
  1.0000000000000000e+00    5.4019981948450790e-01
  7.7150047433939761e-01    5.4376474140544528e-01
 -4.6855690657526400e-02    5.4404061575723950e-01
  7.0978191492304596e-02    5.5277775707416599e-01
 -3.7550338708859488e-01    5.5570982793871160e-01
  5.5411623936442511e-01    5.5622797388834821e-01
 -9.5067374683759454e-01    5.5986133364086532e-01
 -8.4200078409788370e-01    5.6038193501588462e-01
 -1.0132379162427205e-01    5.6128061579797905e-01
 -5.8860555856913077e-01    5.6545932664870435e-01
  9.5041523515866499e-01    5.6572653932194850e-01
 -1.0000000000000000e+00    5.7287283606112538e-01
 -1.6823387818416716e-01    5.7294629638880978e-01
  4.7112454933648029e-01    5.7475968200232397e-01
  8.3570697282463391e-01    5.7546142944665990e-01
  1.7889356842715376e-01    5.7572939331777173e-01
  2.4111723580086949e-01    5.7798822012387174e-01
 -3.0544703917714772e-01    5.7844454653220212e-01
  3.1918293000950831e-01    5.8221400754620201e-01
  3.9194908491421848e-01    5.8230539266211623e-01
 -6.7811642988594989e-01    5.8405414387615862e-01
 -2.3059012975748830e-01    5.8419316850876946e-01
 -8.9962552793994055e-01    5.8739367330491199e-01
 -7.6463412672893694e-01    5.8815116032861825e-01
  6.8886647513253579e-03    5.8890282199385058e-01
  7.0174718946622550e-01    5.8992957522741141e-01
  1.0000000000000000e+00    5.9337976258939351e-01
  1.2226516833897051e-01    6.0009873746082221e-01
  8.9614553984235867e-01    6.0093815075149459e-01
 -4.3846735200251780e-01    6.0460173881187651e-01
 -5.7422974826724121e-02    6.1035330701066959e-01
 -1.0000000000000000e+00    6.1641052720811496e-01
 -9.5132258772181189e-01    6.1663849309498431e-01
 -5.2389686796460910e-01    6.1819874198569036e-01
  7.7313071180413140e-01    6.2027759875451294e-01
 -8.3844482194470837e-01    6.2162946750023773e-01
  9.5111951699386688e-01    6.2159424363253069e-01
  6.1455198948530389e-02    6.2273203141890354e-01
  6.2198704175779129e-01    6.2578057170683410e-01
 -1.2567849453904117e-01    6.2628612792720528e-01
 -3.5798150537712892e-01    6.3190398212187748e-01
  2.7628794464938167e-01    6.3864889415710602e-01
  5.2741521281271819e-01    6.3944754286179839e-01
  1.9333206784617704e-01    6.4207328384785667e-01
 -1.9564825700773567e-01    6.4302345861240373e-01
  8.3998776246649132e-01    6.4343650443662248e-01
 -2.7637272355584425e-01    6.4409300698137517e-01
  1.0000000000000000e+00    6.4683468860470750e-01
 -8.9449380764912001e-01    6.4889278364206637e-01
 -7.1163668010859171e-01    6.5456771565576066e-01
 -6.2111544141383290e-01    6.5463512864708040e-01
  4.3660337753909656e-01    6.5481558425010566e-01
 -7.8311941004439833e-01    6.5551155463365274e-01
  3.5601475174704234e-01    6.5562982105904311e-01
 -6.2576303664780035e-03    6.5642777665620378e-01
 -1.0000000000000000e+00    6.6002791655300408e-01
  9.0006568452722069e-01    6.6234305319693210e-01
  1.2390863366556033e-01    6.6988311305058112e-01
 -9.4918379560898758e-01    6.7078338002961824e-01
  7.1188509019535373e-01    6.7552697870739642e-01
  9.5316848651341024e-01    6.7701392329218579e-01
 -7.8501736837613897e-02    6.8238473501378327e-01
 -4.7364270085059434e-01    6.9166651567358073e-01
 -5.5218312255436708e-01    6.9338121026268162e-01
 -8.3749683001028030e-01    6.9495534244004509e-01
  7.8660373321872212e-01    6.9508265595569130e-01
 -4.0109747412608387e-01    6.9588308232623608e-01
  5.2766830519971386e-02    6.9642612589664965e-01
  1.0000000000000000e+00    7.0076196809872560e-01
  2.4535561517694901e-01    7.0160803961037754e-01
 -1.4873269866481062e-01    7.0263459414412199e-01
  6.4097065480054083e-01    7.0311502467316389e-01
 -1.0000000000000000e+00    7.0604689659129471e-01
  5.6431538799181213e-01    7.0631416732215069e-01
 -8.9574265784266005e-01    7.0891794922589568e-01
 -2.3315726460246250e-01    7.0951303790810161e-01
  8.5322013234080674e-01    7.1140237102468196e-01
 -3.1878635822757151e-01    7.1292099851918722e-01
  4.8137519549405350e-01    7.1983401478237929e-01
  3.1674189630502225e-01    7.2263650006440716e-01
 -6.7662201558822599e-01    7.2277592651901590e-01
 -7.6514329230917255e-01    7.2280448714421963e-01
 -9.5113541326579887e-01    7.2340013200849396e-01
  9.1061698497700738e-01    7.2494290503448855e-01
  1.7905284360421200e-01    7.2765808885539063e-01
 -2.4203851119742850e-02    7.3140837614394316e-01
  9.5977809899982058e-01    7.3301758597350453e-01
  3.9902933888031378e-01    7.3707671680466857e-01
 -6.0208458357413830e-01    7.4593034001016001e-01
  1.1004109903995081e-01    7.5330557848632396e-01
 -1.0000000000000000e+00    7.5435698486049219e-01
  1.0000000000000000e+00    7.5735283952320143e-01
  7.4807439792131725e-01    7.5845637415065537e-01
 -8.4181667125676773e-01    7.6061802295482139e-01
  6.8168410214176300e-01    7.6501975441626480e-01
 -5.2379747197533588e-01    7.6532163540286280e-01
 -9.0381284515642724e-01    7.6608265728796443e-01
  8.1846970727992596e-01    7.6772831942576336e-01
 -9.9807604700824226e-02    7.6821187140482106e-01
 -4.5489061632130484e-01    7.6901945279651518e-01
 -3.8499176093399934e-01    7.7074925701651098e-01
 -1.7873976369191280e-01    7.7197704561950875e-01
  6.0657149471083793e-01    7.7490731298318616e-01
  4.0512785402252477e-02    7.7554470044254509e-01
 -9.5600422310297528e-01    7.7670617342574688e-01
 -2.5446066907243747e-01    7.7681196063897973e-01
  8.8423368815679282e-01    7.7810295566773990e-01
  2.4878111306110312e-01    7.7815605312611003e-01
  5.3274544775807298e-01    7.7885823388337072e-01
  9.4469877080117515e-01    7.8466692934010307e-01
 -7.1655519130050382e-01    7.8540653110903935e-01
 -3.1973852789861362e-01    7.8578403521893558e-01
  3.3111675469706048e-01    7.8672668156904146e-01
 -7.8804844734519464e-01    7.8953989684678394e-01
  4.5913773284398895e-01    7.9343468591230581e-01
 -6.4512681500770341e-01    7.9751187681856328e-01
 -2.8789031105403748e-02    8.0100767895415925e-01
  1.7234233052152398e-01    8.0143461823589379e-01
 -1.0000000000000000e+00    8.0570293106632596e-01
  1.0000000000000000e+00    8.0649145768237629e-01
  3.9872734077516103e-01    8.1734819640619405e-01
 -5.6896743953889573e-01    8.1873010529379331e-01
 -8.8226660560704695e-01    8.1901702008579191e-01
 -9.4135985158812940e-01    8.2384938996909196e-01
  1.0337946315826592e-01    8.2402567940786253e-01
  7.7773992466423714e-01    8.3183892142218896e-01
  7.1468858477757602e-01    8.3184479759428864e-01
 -1.5087887232078359e-01    8.3303815136939852e-01
  8.4464712296436173e-01    8.3344618516559543e-01
  6.4754659054039210e-01    8.3372105405866903e-01
 -4.2609471193692522e-01    8.3462120542614238e-01
 -4.9755948595221677e-01    8.3564368211081030e-01
 -2.1951646091274232e-01    8.3695901384028015e-01
  9.0640359483220279e-01    8.3813811321503584e-01
  9.5825861735495854e-01    8.3862919380128265e-01
  5.7734611727294571e-01    8.3867997866119925e-01
  2.8306485348567667e-01    8.3938295076751668e-01
 -8.7294605068361300e-02    8.3950623760351073e-01
  3.9281412001220074e-02    8.4258069854755480e-01
 -8.2923767546599547e-01    8.4278139934401364e-01
 -3.5815882150584316e-01    8.4285832141472405e-01
  5.0789636793474691e-01    8.4467237430277775e-01
 -2.8766246939842538e-01    8.4599038914422464e-01
  2.1680123425751177e-01    8.4697978858592671e-01
 -7.5800894869088187e-01    8.4837503322157160e-01
 -6.9208007990616938e-01    8.5034571134726666e-01
 -1.0000000000000000e+00    8.5143204551043516e-01
  3.4858197963706966e-01    8.5293682604893051e-01
 -6.2301396448588697e-01    8.5714978575016665e-01
  1.0000000000000000e+00    8.6094176282995960e-01
 -2.1227715004382187e-02    8.6297714235418033e-01
 -9.5644088411549666e-01    8.6891690074928640e-01
  4.4255347609636819e-01    8.6902674646221012e-01
  1.5040224002416117e-01    8.7216485161352042e-01
 -8.9927763191808541e-01    8.7783651843544930e-01
 -5.5676467908182159e-01    8.8520637918458889e-01
  9.3539612929914764e-02    8.9125942843136086e-01
  8.1289071300263394e-01    8.9169096472326315e-01
  6.8308711726868587e-01    8.9192696519610404e-01
  9.4334225094407398e-01    8.9283121054181092e-01
 -4.4731312091464237e-01    8.9295693737972370e-01
  6.1934576608660485e-01    8.9356557304091777e-01
 -1.9197915872792257e-01    8.9408283234268981e-01
  8.7864922359417252e-01    8.9420965649800122e-01
  7.4739158967226849e-01    8.9468546353523182e-01
 -1.3332752742803908e-01    8.9517927076762538e-01
 -3.8685505383886032e-01    8.9600601948121750e-01
  5.5584768348474989e-01    8.9648232422230123e-01
  3.8743032034908209e-01    8.9708447268415459e-01
 -2.5408584162577302e-01    8.9747867848426888e-01
 -5.0242116560003180e-01    8.9780743446893452e-01
  2.5582990501211567e-01    8.9891671184876909e-01
  3.1679539263117740e-01    9.0054219030138338e-01
 -3.2129184953346501e-01    9.0082170063074485e-01
 -7.9273954751081743e-01    9.0124600924568332e-01
 -7.5625447658751788e-02    9.0141755969177928e-01
 -8.5048899380909815e-01    9.0264513931789936e-01
 -1.0000000000000000e+00    9.0336448574357586e-01
  3.7625727741444376e-02    9.0398050458126100e-01
  4.9419126457894447e-01    9.0444481478856531e-01
 -7.3102826425572875e-01    9.0543383243573261e-01
 -6.7003561829372393e-01    9.0654685010125069e-01
  1.0000000000000000e+00    9.0752909450444619e-01
  1.9285410558918273e-01    9.0766004272608825e-01
 -6.0930679531614362e-01    9.1128229210297873e-01
 -9.4535461304609270e-01    9.1705994971539206e-01
 -1.8373392898844078e-02    9.1838901570241238e-01
  4.3965565125938144e-01    9.3754622934743148e-01
  1.3078091299172998e-01    9.4045806365307627e-01
  7.9400217177723531e-01    9.4671858025609534e-01
  6.9727649636626443e-01    9.4675644653421087e-01
 -8.8690947615328308e-01    9.4716957537087720e-01
  9.5165278721851121e-01    9.4736487236748168e-01
  8.4631822324232908e-01    9.4784587178446889e-01
 -5.3161347281666249e-01    9.4815301532875418e-01
  6.4576311462810132e-01    9.4830429240728131e-01
  9.0046884092266466e-01    9.4837209551196544e-01
  3.4363235187285357e-01    9.4842980478904193e-01
  5.9240319937182173e-01    9.4917264771208743e-01
 -3.7064570607858549e-01    9.4930280306505765e-01
 -4.2371357846446556e-01    9.4933863419575382e-01
 -2.7067082768235190e-01    9.4940643483173837e-01
 -1.6263284824447186e-01    9.4998246545735232e-01
 -2.1665057343065644e-01    9.5001682812991961e-01
  5.3909769755572978e-01    9.5078911843769098e-01
 -1.0000000000000000e+00    9.5143777732835133e-01
  7.4520434095077459e-01    9.5141638931985228e-01
  7.5383388869294049e-02    9.5153059957360042e-01
 -1.0791994542927544e-01    9.5164267342422337e-01
 -4.7651656462487929e-01    9.5174267025568726e-01
  2.3411184033560561e-01    9.5226008850525268e-01
 -5.8188706313561023e-01    9.5260879786960839e-01
  2.8821995019959074e-01    9.5255102512092693e-01
 -7.6628224678064960e-01    9.5332957126837170e-01
 -8.2607588119666508e-01    9.5423643970025529e-01
 -3.2054040104848353e-01    9.5433188761636212e-01
  1.0000000000000000e+00    9.5424515174010804e-01
  3.9386300591746665e-01    9.5506512307274805e-01
 -7.0466476141323520e-01    9.5545945656750131e-01
 -6.4373379203876058e-01    9.5663848450436095e-01
 -5.0959360781148155e-02    9.5749029599093771e-01
  1.7855830679713625e-01    9.5790314475093274e-01
  1.5339424375276516e-02    9.5821813825565127e-01
  4.8606816093587391e-01    9.5842303960038844e-01
 -9.4313664983757262e-01    9.6095983429731946e-01
 -1.0000000000000000e+00    1.0000000000000000e+00
 -9.5502366332476796e-01    1.0000000000000000e+00
 -9.0288033068930729e-01    1.0000000000000000e+00
 -8.5422792251553292e-01    1.0000000000000000e+00
 -8.0141698808977702e-01    1.0000000000000000e+00
 -7.5067585551865368e-01    1.0000000000000000e+00
 -7.0398283382197469e-01    1.0000000000000000e+00
 -6.5760833336444013e-01    1.0000000000000000e+00
 -6.0578559695135203e-01    1.0000000000000000e+00
 -5.5347333510659014e-01    1.0000000000000000e+00
 -5.0277843484307050e-01    1.0000000000000000e+00
 -4.5014011318477515e-01    1.0000000000000000e+00
 -3.9860007832483635e-01    1.0000000000000000e+00
 -3.4732580705619587e-01    1.0000000000000000e+00
 -2.9384059056030498e-01    1.0000000000000000e+00
 -2.4249732828563286e-01    1.0000000000000000e+00
 -1.9062755260554987e-01    1.0000000000000000e+00
 -1.3895373922429988e-01    1.0000000000000000e+00
 -8.7256572798578597e-02    1.0000000000000000e+00
 -3.4491892295286562e-02    1.0000000000000000e+00
  1.1476046021258847e-02    1.0000000000000000e+00
  5.9636899854570047e-02    1.0000000000000000e+00
  1.0904931132294582e-01    1.0000000000000000e+00
  1.5562755410316148e-01    1.0000000000000000e+00
  2.0983194757627049e-01    1.0000000000000000e+00
  2.6182355327969248e-01    1.0000000000000000e+00
  3.1408839606756300e-01    1.0000000000000000e+00
  3.6403427877459987e-01    1.0000000000000000e+00
  4.1659336420726062e-01    1.0000000000000000e+00
  4.6230654948136196e-01    1.0000000000000000e+00
  5.1664914090881220e-01    1.0000000000000000e+00
  5.6769246795777883e-01    1.0000000000000000e+00
  6.1836485711677625e-01    1.0000000000000000e+00
  6.6851730209098581e-01    1.0000000000000000e+00
  7.1750663210250620e-01    1.0000000000000000e+00
  7.6817389094338517e-01    1.0000000000000000e+00
  8.1669196011979606e-01    1.0000000000000000e+00
  8.6501047955037547e-01    1.0000000000000000e+00
  9.1169634031898250e-01    1.0000000000000000e+00
  9.5565324414364439e-01    1.0000000000000000e+00
  1.0000000000000000e+00    1.0000000000000000e+00
